image_width: 1280
image_height: 720
camera_name: arducam_b0202_imx291
camera_matrix:
  rows: 3
  cols: 3
  data: [523.4820725, 0.3878952829, 645.6309216, 0, 523.059214, 335.9253965, 0, 0, 1]
distortion_model: equidistant
distortion_coefficients:
  rows: 1
  cols: 4
  data: [-0.02732078274, 0.0002138665376, 0.001546663704, -0.001391947762]
rectification_matrix:
  rows: 3
  cols: 3
  data: [1, 0, 0, 0, 1, 0, 0, 0, 1]
projection_matrix:
  rows: 3
  cols: 4
  data: [523.4820725, 0.3878952829, 645.6309216, 0, 0, 523.059214, 335.9253965, 0, 0, 0, 1, 0]
